0.100000 10.0 6.25
0.100000 62.10526315789474 8.35
0.100000 114.21052631578948 8.95
0.100000 166.31578947368422 8.9
0.100000 218.42105263157896 9.2
0.100000 270.5263157894737 9.3
0.100000 322.63157894736844 9.4
0.100000 374.7368421052632 9.05
0.100000 426.8421052631579 9.3
0.100000 478.94736842105266 8.95
0.100000 531.0526315789474 9.25
0.100000 583.1578947368421 9.35
0.100000 635.2631578947369 9.1
0.100000 687.3684210526317 9.3
0.100000 739.4736842105264 9.15
0.100000 791.578947368421 9.2
0.100000 843.6842105263158 9.4
0.100000 895.7894736842106 9.5
0.100000 947.8947368421053 9.4
0.100000 1000.0 9.2

0.357895 10.0 5.85
0.357895 62.10526315789474 7.8
0.357895 114.21052631578948 8.45
0.357895 166.31578947368422 8.25
0.357895 218.42105263157896 8.75
0.357895 270.5263157894737 8.8
0.357895 322.63157894736844 8.85
0.357895 374.7368421052632 8.85
0.357895 426.8421052631579 8.75
0.357895 478.94736842105266 8.85
0.357895 531.0526315789474 8.9
0.357895 583.1578947368421 8.95
0.357895 635.2631578947369 8.85
0.357895 687.3684210526317 8.85
0.357895 739.4736842105264 9.1
0.357895 791.578947368421 9.05
0.357895 843.6842105263158 8.9
0.357895 895.7894736842106 9.2
0.357895 947.8947368421053 8.75
0.357895 1000.0 9.0

0.615789 10.0 5.3
0.615789 62.10526315789474 7.6
0.615789 114.21052631578948 8.1
0.615789 166.31578947368422 8.05
0.615789 218.42105263157896 8.55
0.615789 270.5263157894737 8.35
0.615789 322.63157894736844 8.85
0.615789 374.7368421052632 8.6
0.615789 426.8421052631579 8.55
0.615789 478.94736842105266 8.8
0.615789 531.0526315789474 9.15
0.615789 583.1578947368421 8.7
0.615789 635.2631578947369 9.15
0.615789 687.3684210526317 8.45
0.615789 739.4736842105264 8.9
0.615789 791.578947368421 8.85
0.615789 843.6842105263158 9.0
0.615789 895.7894736842106 8.8
0.615789 947.8947368421053 9.0
0.615789 1000.0 9.1

0.873684 10.0 5.85
0.873684 62.10526315789474 8.0
0.873684 114.21052631578948 8.05
0.873684 166.31578947368422 8.2
0.873684 218.42105263157896 8.45
0.873684 270.5263157894737 8.15
0.873684 322.63157894736844 8.45
0.873684 374.7368421052632 8.6
0.873684 426.8421052631579 8.65
0.873684 478.94736842105266 8.55
0.873684 531.0526315789474 8.35
0.873684 583.1578947368421 8.8
0.873684 635.2631578947369 8.75
0.873684 687.3684210526317 8.65
0.873684 739.4736842105264 8.85
0.873684 791.578947368421 8.7
0.873684 843.6842105263158 8.8
0.873684 895.7894736842106 8.85
0.873684 947.8947368421053 8.95
0.873684 1000.0 8.9

1.131579 10.0 4.9
1.131579 62.10526315789474 6.75
1.131579 114.21052631578948 7.65
1.131579 166.31578947368422 7.8
1.131579 218.42105263157896 8.2
1.131579 270.5263157894737 7.9
1.131579 322.63157894736844 8.1
1.131579 374.7368421052632 8.3
1.131579 426.8421052631579 8.35
1.131579 478.94736842105266 8.7
1.131579 531.0526315789474 8.2
1.131579 583.1578947368421 8.8
1.131579 635.2631578947369 8.7
1.131579 687.3684210526317 8.85
1.131579 739.4736842105264 8.9
1.131579 791.578947368421 8.6
1.131579 843.6842105263158 8.9
1.131579 895.7894736842106 8.5
1.131579 947.8947368421053 8.55
1.131579 1000.0 8.75

1.389474 10.0 5.25
1.389474 62.10526315789474 7.1
1.389474 114.21052631578948 7.8
1.389474 166.31578947368422 8.0
1.389474 218.42105263157896 7.8
1.389474 270.5263157894737 7.85
1.389474 322.63157894736844 8.3
1.389474 374.7368421052632 8.05
1.389474 426.8421052631579 8.25
1.389474 478.94736842105266 8.25
1.389474 531.0526315789474 8.45
1.389474 583.1578947368421 8.45
1.389474 635.2631578947369 8.3
1.389474 687.3684210526317 8.6
1.389474 739.4736842105264 8.4
1.389474 791.578947368421 8.65
1.389474 843.6842105263158 8.85
1.389474 895.7894736842106 8.9
1.389474 947.8947368421053 8.8
1.389474 1000.0 9.1

1.647368 10.0 5.15
1.647368 62.10526315789474 7.25
1.647368 114.21052631578948 7.5
1.647368 166.31578947368422 7.95
1.647368 218.42105263157896 7.85
1.647368 270.5263157894737 8.0
1.647368 322.63157894736844 7.6
1.647368 374.7368421052632 8.1
1.647368 426.8421052631579 8.6
1.647368 478.94736842105266 8.15
1.647368 531.0526315789474 8.35
1.647368 583.1578947368421 8.3
1.647368 635.2631578947369 8.65
1.647368 687.3684210526317 8.7
1.647368 739.4736842105264 8.65
1.647368 791.578947368421 8.8
1.647368 843.6842105263158 8.5
1.647368 895.7894736842106 8.45
1.647368 947.8947368421053 8.8
1.647368 1000.0 8.55

1.905263 10.0 5.75
1.905263 62.10526315789474 7.45
1.905263 114.21052631578948 7.6
1.905263 166.31578947368422 7.6
1.905263 218.42105263157896 7.7
1.905263 270.5263157894737 7.85
1.905263 322.63157894736844 7.85
1.905263 374.7368421052632 8.0
1.905263 426.8421052631579 8.5
1.905263 478.94736842105266 7.85
1.905263 531.0526315789474 8.3
1.905263 583.1578947368421 8.2
1.905263 635.2631578947369 8.45
1.905263 687.3684210526317 8.4
1.905263 739.4736842105264 8.25
1.905263 791.578947368421 8.55
1.905263 843.6842105263158 8.25
1.905263 895.7894736842106 8.65
1.905263 947.8947368421053 8.7
1.905263 1000.0 8.7

2.163158 10.0 5.6
2.163158 62.10526315789474 6.95
2.163158 114.21052631578948 7.4
2.163158 166.31578947368422 7.3
2.163158 218.42105263157896 7.55
2.163158 270.5263157894737 8.0
2.163158 322.63157894736844 8.0
2.163158 374.7368421052632 8.35
2.163158 426.8421052631579 7.9
2.163158 478.94736842105266 8.05
2.163158 531.0526315789474 7.9
2.163158 583.1578947368421 8.0
2.163158 635.2631578947369 8.4
2.163158 687.3684210526317 8.25
2.163158 739.4736842105264 8.3
2.163158 791.578947368421 8.45
2.163158 843.6842105263158 8.8
2.163158 895.7894736842106 8.3
2.163158 947.8947368421053 8.3
2.163158 1000.0 8.85

2.421053 10.0 5.3
2.421053 62.10526315789474 7.15
2.421053 114.21052631578948 7.5
2.421053 166.31578947368422 7.35
2.421053 218.42105263157896 7.55
2.421053 270.5263157894737 7.9
2.421053 322.63157894736844 7.95
2.421053 374.7368421052632 7.85
2.421053 426.8421052631579 7.9
2.421053 478.94736842105266 8.15
2.421053 531.0526315789474 7.9
2.421053 583.1578947368421 8.25
2.421053 635.2631578947369 8.05
2.421053 687.3684210526317 8.25
2.421053 739.4736842105264 8.25
2.421053 791.578947368421 8.4
2.421053 843.6842105263158 8.25
2.421053 895.7894736842106 8.15
2.421053 947.8947368421053 8.65
2.421053 1000.0 8.35

2.678947 10.0 5.6
2.678947 62.10526315789474 6.8
2.678947 114.21052631578948 7.35
2.678947 166.31578947368422 7.45
2.678947 218.42105263157896 7.35
2.678947 270.5263157894737 7.45
2.678947 322.63157894736844 7.8
2.678947 374.7368421052632 8.1
2.678947 426.8421052631579 8.25
2.678947 478.94736842105266 7.9
2.678947 531.0526315789474 8.45
2.678947 583.1578947368421 8.05
2.678947 635.2631578947369 8.4
2.678947 687.3684210526317 8.25
2.678947 739.4736842105264 8.4
2.678947 791.578947368421 8.6
2.678947 843.6842105263158 8.25
2.678947 895.7894736842106 8.45
2.678947 947.8947368421053 8.55
2.678947 1000.0 8.5

2.936842 10.0 5.65
2.936842 62.10526315789474 6.95
2.936842 114.21052631578948 7.0
2.936842 166.31578947368422 7.5
2.936842 218.42105263157896 7.65
2.936842 270.5263157894737 7.6
2.936842 322.63157894736844 8.35
2.936842 374.7368421052632 7.85
2.936842 426.8421052631579 7.8
2.936842 478.94736842105266 8.05
2.936842 531.0526315789474 7.8
2.936842 583.1578947368421 8.15
2.936842 635.2631578947369 8.45
2.936842 687.3684210526317 8.4
2.936842 739.4736842105264 8.4
2.936842 791.578947368421 8.5
2.936842 843.6842105263158 8.2
2.936842 895.7894736842106 8.3
2.936842 947.8947368421053 8.15
2.936842 1000.0 8.85

3.194737 10.0 4.8
3.194737 62.10526315789474 7.0
3.194737 114.21052631578948 6.85
3.194737 166.31578947368422 7.3
3.194737 218.42105263157896 7.25
3.194737 270.5263157894737 7.25
3.194737 322.63157894736844 7.75
3.194737 374.7368421052632 7.9
3.194737 426.8421052631579 7.5
3.194737 478.94736842105266 8.1
3.194737 531.0526315789474 7.85
3.194737 583.1578947368421 8.2
3.194737 635.2631578947369 8.15
3.194737 687.3684210526317 8.35
3.194737 739.4736842105264 8.2
3.194737 791.578947368421 8.3
3.194737 843.6842105263158 8.25
3.194737 895.7894736842106 8.2
3.194737 947.8947368421053 8.35
3.194737 1000.0 8.2

3.452632 10.0 5.55
3.452632 62.10526315789474 6.7
3.452632 114.21052631578948 7.3
3.452632 166.31578947368422 7.6
3.452632 218.42105263157896 7.4
3.452632 270.5263157894737 7.55
3.452632 322.63157894736844 7.65
3.452632 374.7368421052632 8.05
3.452632 426.8421052631579 7.95
3.452632 478.94736842105266 7.55
3.452632 531.0526315789474 8.15
3.452632 583.1578947368421 8.0
3.452632 635.2631578947369 8.1
3.452632 687.3684210526317 8.15
3.452632 739.4736842105264 8.2
3.452632 791.578947368421 8.3
3.452632 843.6842105263158 8.35
3.452632 895.7894736842106 8.35
3.452632 947.8947368421053 8.15
3.452632 1000.0 8.4

3.710526 10.0 5.4
3.710526 62.10526315789474 7.1
3.710526 114.21052631578948 6.95
3.710526 166.31578947368422 7.15
3.710526 218.42105263157896 7.35
3.710526 270.5263157894737 7.85
3.710526 322.63157894736844 7.55
3.710526 374.7368421052632 7.6
3.710526 426.8421052631579 8.15
3.710526 478.94736842105266 8.0
3.710526 531.0526315789474 8.1
3.710526 583.1578947368421 7.8
3.710526 635.2631578947369 8.05
3.710526 687.3684210526317 8.1
3.710526 739.4736842105264 8.25
3.710526 791.578947368421 8.3
3.710526 843.6842105263158 8.55
3.710526 895.7894736842106 8.3
3.710526 947.8947368421053 8.5
3.710526 1000.0 8.45

3.968421 10.0 5.55
3.968421 62.10526315789474 7.0
3.968421 114.21052631578948 7.1
3.968421 166.31578947368422 7.45
3.968421 218.42105263157896 7.75
3.968421 270.5263157894737 7.35
3.968421 322.63157894736844 7.7
3.968421 374.7368421052632 7.5
3.968421 426.8421052631579 7.9
3.968421 478.94736842105266 7.85
3.968421 531.0526315789474 8.05
3.968421 583.1578947368421 7.85
3.968421 635.2631578947369 8.0
3.968421 687.3684210526317 7.65
3.968421 739.4736842105264 8.15
3.968421 791.578947368421 7.9
3.968421 843.6842105263158 7.8
3.968421 895.7894736842106 8.4
3.968421 947.8947368421053 7.7
3.968421 1000.0 8.15

4.226316 10.0 5.5
4.226316 62.10526315789474 7.1
4.226316 114.21052631578948 6.95
4.226316 166.31578947368422 7.5
4.226316 218.42105263157896 7.65
4.226316 270.5263157894737 7.55
4.226316 322.63157894736844 7.2
4.226316 374.7368421052632 8.2
4.226316 426.8421052631579 7.6
4.226316 478.94736842105266 8.1
4.226316 531.0526315789474 7.85
4.226316 583.1578947368421 8.05
4.226316 635.2631578947369 7.65
4.226316 687.3684210526317 8.2
4.226316 739.4736842105264 7.8
4.226316 791.578947368421 8.4
4.226316 843.6842105263158 7.65
4.226316 895.7894736842106 8.15
4.226316 947.8947368421053 7.8
4.226316 1000.0 8.15

4.484211 10.0 5.5
4.484211 62.10526315789474 7.2
4.484211 114.21052631578948 6.75
4.484211 166.31578947368422 7.2
4.484211 218.42105263157896 7.6
4.484211 270.5263157894737 7.5
4.484211 322.63157894736844 7.4
4.484211 374.7368421052632 7.7
4.484211 426.8421052631579 7.45
4.484211 478.94736842105266 7.6
4.484211 531.0526315789474 7.9
4.484211 583.1578947368421 7.95
4.484211 635.2631578947369 8.2
4.484211 687.3684210526317 8.0
4.484211 739.4736842105264 8.05
4.484211 791.578947368421 7.95
4.484211 843.6842105263158 8.3
4.484211 895.7894736842106 8.0
4.484211 947.8947368421053 8.15
4.484211 1000.0 8.1

4.742105 10.0 5.65
4.742105 62.10526315789474 6.9
4.742105 114.21052631578948 6.9
4.742105 166.31578947368422 7.35
4.742105 218.42105263157896 7.4
4.742105 270.5263157894737 7.6
4.742105 322.63157894736844 7.45
4.742105 374.7368421052632 7.25
4.742105 426.8421052631579 8.0
4.742105 478.94736842105266 7.7
4.742105 531.0526315789474 7.6
4.742105 583.1578947368421 8.05
4.742105 635.2631578947369 8.0
4.742105 687.3684210526317 7.7
4.742105 739.4736842105264 8.0
4.742105 791.578947368421 8.05
4.742105 843.6842105263158 8.0
4.742105 895.7894736842106 8.05
4.742105 947.8947368421053 8.0
4.742105 1000.0 8.15

5.000000 10.0 5.45
5.000000 62.10526315789474 6.9
5.000000 114.21052631578948 7.0
5.000000 166.31578947368422 7.15
5.000000 218.42105263157896 7.5
5.000000 270.5263157894737 7.45
5.000000 322.63157894736844 7.5
5.000000 374.7368421052632 7.65
5.000000 426.8421052631579 7.6
5.000000 478.94736842105266 7.65
5.000000 531.0526315789474 7.85
5.000000 583.1578947368421 7.75
5.000000 635.2631578947369 7.95
5.000000 687.3684210526317 8.15
5.000000 739.4736842105264 8.1
5.000000 791.578947368421 8.0
5.000000 843.6842105263158 8.0
5.000000 895.7894736842106 7.85
5.000000 947.8947368421053 8.1
5.000000 1000.0 8.15

