0.100000 10.0 10.3
0.100000 62.10526315789474 23.35
0.100000 114.21052631578948 25.4
0.100000 166.31578947368422 26.15
0.100000 218.42105263157896 26.3
0.100000 270.5263157894737 26.6
0.100000 322.63157894736844 27.45
0.100000 374.7368421052632 27.45
0.100000 426.8421052631579 27.5
0.100000 478.94736842105266 27.9
0.100000 531.0526315789474 27.75
0.100000 583.1578947368421 27.8
0.100000 635.2631578947369 28.1
0.100000 687.3684210526317 27.95
0.100000 739.4736842105264 28.05
0.100000 791.578947368421 28.05
0.100000 843.6842105263158 28.4
0.100000 895.7894736842106 28.1
0.100000 947.8947368421053 28.55
0.100000 1000.0 28.55

0.357895 10.0 8.9
0.357895 62.10526315789474 22.15
0.357895 114.21052631578948 23.8
0.357895 166.31578947368422 24.75
0.357895 218.42105263157896 24.6
0.357895 270.5263157894737 25.6
0.357895 322.63157894736844 25.7
0.357895 374.7368421052632 25.55
0.357895 426.8421052631579 25.65
0.357895 478.94736842105266 26.2
0.357895 531.0526315789474 26.3
0.357895 583.1578947368421 26.0
0.357895 635.2631578947369 26.25
0.357895 687.3684210526317 27.0
0.357895 739.4736842105264 26.55
0.357895 791.578947368421 27.2
0.357895 843.6842105263158 26.95
0.357895 895.7894736842106 26.05
0.357895 947.8947368421053 27.2
0.357895 1000.0 26.9

0.615789 10.0 9.05
0.615789 62.10526315789474 22.0
0.615789 114.21052631578948 23.45
0.615789 166.31578947368422 24.1
0.615789 218.42105263157896 24.7
0.615789 270.5263157894737 24.3
0.615789 322.63157894736844 25.05
0.615789 374.7368421052632 25.7
0.615789 426.8421052631579 25.1
0.615789 478.94736842105266 25.5
0.615789 531.0526315789474 25.35
0.615789 583.1578947368421 25.5
0.615789 635.2631578947369 25.65
0.615789 687.3684210526317 25.65
0.615789 739.4736842105264 25.55
0.615789 791.578947368421 26.05
0.615789 843.6842105263158 26.15
0.615789 895.7894736842106 25.9
0.615789 947.8947368421053 26.05
0.615789 1000.0 26.15

0.873684 10.0 10.5
0.873684 62.10526315789474 21.45
0.873684 114.21052631578948 24.1
0.873684 166.31578947368422 23.2
0.873684 218.42105263157896 24.55
0.873684 270.5263157894737 23.95
0.873684 322.63157894736844 24.55
0.873684 374.7368421052632 24.35
0.873684 426.8421052631579 24.8
0.873684 478.94736842105266 25.6
0.873684 531.0526315789474 25.15
0.873684 583.1578947368421 25.4
0.873684 635.2631578947369 25.6
0.873684 687.3684210526317 25.55
0.873684 739.4736842105264 25.95
0.873684 791.578947368421 25.6
0.873684 843.6842105263158 25.3
0.873684 895.7894736842106 25.95
0.873684 947.8947368421053 26.0
0.873684 1000.0 26.1

1.131579 10.0 9.25
1.131579 62.10526315789474 21.45
1.131579 114.21052631578948 22.95
1.131579 166.31578947368422 23.35
1.131579 218.42105263157896 23.85
1.131579 270.5263157894737 23.2
1.131579 322.63157894736844 23.9
1.131579 374.7368421052632 23.85
1.131579 426.8421052631579 24.25
1.131579 478.94736842105266 24.3
1.131579 531.0526315789474 25.25
1.131579 583.1578947368421 24.95
1.131579 635.2631578947369 24.95
1.131579 687.3684210526317 24.75
1.131579 739.4736842105264 25.2
1.131579 791.578947368421 25.15
1.131579 843.6842105263158 25.8
1.131579 895.7894736842106 25.45
1.131579 947.8947368421053 25.75
1.131579 1000.0 25.65

1.389474 10.0 8.95
1.389474 62.10526315789474 22.4
1.389474 114.21052631578948 22.9
1.389474 166.31578947368422 23.6
1.389474 218.42105263157896 23.55
1.389474 270.5263157894737 23.95
1.389474 322.63157894736844 23.4
1.389474 374.7368421052632 23.8
1.389474 426.8421052631579 23.95
1.389474 478.94736842105266 24.25
1.389474 531.0526315789474 24.45
1.389474 583.1578947368421 24.45
1.389474 635.2631578947369 24.7
1.389474 687.3684210526317 23.9
1.389474 739.4736842105264 25.15
1.389474 791.578947368421 25.55
1.389474 843.6842105263158 24.85
1.389474 895.7894736842106 25.3
1.389474 947.8947368421053 25.0
1.389474 1000.0 24.85

1.647368 10.0 8.75
1.647368 62.10526315789474 22.25
1.647368 114.21052631578948 23.15
1.647368 166.31578947368422 22.7
1.647368 218.42105263157896 23.7
1.647368 270.5263157894737 23.65
1.647368 322.63157894736844 23.85
1.647368 374.7368421052632 23.6
1.647368 426.8421052631579 23.65
1.647368 478.94736842105266 24.15
1.647368 531.0526315789474 24.35
1.647368 583.1578947368421 24.65
1.647368 635.2631578947369 23.9
1.647368 687.3684210526317 23.95
1.647368 739.4736842105264 25.05
1.647368 791.578947368421 24.75
1.647368 843.6842105263158 24.9
1.647368 895.7894736842106 25.4
1.647368 947.8947368421053 24.75
1.647368 1000.0 24.9

1.905263 10.0 9.9
1.905263 62.10526315789474 21.4
1.905263 114.21052631578948 21.9
1.905263 166.31578947368422 23.2
1.905263 218.42105263157896 23.0
1.905263 270.5263157894737 23.6
1.905263 322.63157894736844 23.3
1.905263 374.7368421052632 24.0
1.905263 426.8421052631579 23.8
1.905263 478.94736842105266 23.45
1.905263 531.0526315789474 23.8
1.905263 583.1578947368421 24.65
1.905263 635.2631578947369 24.3
1.905263 687.3684210526317 24.75
1.905263 739.4736842105264 24.55
1.905263 791.578947368421 24.95
1.905263 843.6842105263158 24.05
1.905263 895.7894736842106 24.25
1.905263 947.8947368421053 24.8
1.905263 1000.0 25.15

2.163158 10.0 8.2
2.163158 62.10526315789474 21.15
2.163158 114.21052631578948 22.5
2.163158 166.31578947368422 22.5
2.163158 218.42105263157896 22.65
2.163158 270.5263157894737 23.45
2.163158 322.63157894736844 23.65
2.163158 374.7368421052632 24.3
2.163158 426.8421052631579 23.85
2.163158 478.94736842105266 23.3
2.163158 531.0526315789474 23.8
2.163158 583.1578947368421 23.8
2.163158 635.2631578947369 24.25
2.163158 687.3684210526317 24.05
2.163158 739.4736842105264 24.05
2.163158 791.578947368421 24.4
2.163158 843.6842105263158 24.75
2.163158 895.7894736842106 25.05
2.163158 947.8947368421053 25.15
2.163158 1000.0 24.3

2.421053 10.0 8.9
2.421053 62.10526315789474 21.55
2.421053 114.21052631578948 23.1
2.421053 166.31578947368422 22.75
2.421053 218.42105263157896 23.1
2.421053 270.5263157894737 22.95
2.421053 322.63157894736844 23.0
2.421053 374.7368421052632 23.9
2.421053 426.8421052631579 23.55
2.421053 478.94736842105266 23.5
2.421053 531.0526315789474 24.35
2.421053 583.1578947368421 23.8
2.421053 635.2631578947369 23.85
2.421053 687.3684210526317 23.75
2.421053 739.4736842105264 24.65
2.421053 791.578947368421 24.4
2.421053 843.6842105263158 23.9
2.421053 895.7894736842106 24.3
2.421053 947.8947368421053 24.55
2.421053 1000.0 25.05

2.678947 10.0 10.1
2.678947 62.10526315789474 20.8
2.678947 114.21052631578948 23.15
2.678947 166.31578947368422 22.15
2.678947 218.42105263157896 23.05
2.678947 270.5263157894737 23.1
2.678947 322.63157894736844 23.8
2.678947 374.7368421052632 23.1
2.678947 426.8421052631579 23.85
2.678947 478.94736842105266 23.3
2.678947 531.0526315789474 23.6
2.678947 583.1578947368421 23.9
2.678947 635.2631578947369 24.2
2.678947 687.3684210526317 23.8
2.678947 739.4736842105264 24.3
2.678947 791.578947368421 24.45
2.678947 843.6842105263158 23.85
2.678947 895.7894736842106 24.75
2.678947 947.8947368421053 24.15
2.678947 1000.0 24.9

2.936842 10.0 9.95
2.936842 62.10526315789474 21.2
2.936842 114.21052631578948 22.3
2.936842 166.31578947368422 22.6
2.936842 218.42105263157896 23.2
2.936842 270.5263157894737 22.55
2.936842 322.63157894736844 22.65
2.936842 374.7368421052632 23.55
2.936842 426.8421052631579 23.4
2.936842 478.94736842105266 23.35
2.936842 531.0526315789474 23.9
2.936842 583.1578947368421 23.95
2.936842 635.2631578947369 23.9
2.936842 687.3684210526317 23.75
2.936842 739.4736842105264 23.75
2.936842 791.578947368421 24.3
2.936842 843.6842105263158 24.5
2.936842 895.7894736842106 24.5
2.936842 947.8947368421053 24.3
2.936842 1000.0 23.45

3.194737 10.0 8.45
3.194737 62.10526315789474 21.05
3.194737 114.21052631578948 22.65
3.194737 166.31578947368422 22.05
3.194737 218.42105263157896 22.75
3.194737 270.5263157894737 22.75
3.194737 322.63157894736844 22.9
3.194737 374.7368421052632 22.45
3.194737 426.8421052631579 22.8
3.194737 478.94736842105266 22.8
3.194737 531.0526315789474 23.9
3.194737 583.1578947368421 23.35
3.194737 635.2631578947369 23.85
3.194737 687.3684210526317 23.85
3.194737 739.4736842105264 23.2
3.194737 791.578947368421 23.4
3.194737 843.6842105263158 24.75
3.194737 895.7894736842106 24.2
3.194737 947.8947368421053 24.35
3.194737 1000.0 25.05

3.452632 10.0 8.8
3.452632 62.10526315789474 21.05
3.452632 114.21052631578948 21.95
3.452632 166.31578947368422 23.0
3.452632 218.42105263157896 22.55
3.452632 270.5263157894737 22.3
3.452632 322.63157894736844 23.4
3.452632 374.7368421052632 22.95
3.452632 426.8421052631579 23.1
3.452632 478.94736842105266 23.55
3.452632 531.0526315789474 22.95
3.452632 583.1578947368421 23.6
3.452632 635.2631578947369 24.2
3.452632 687.3684210526317 23.7
3.452632 739.4736842105264 23.55
3.452632 791.578947368421 24.05
3.452632 843.6842105263158 23.75
3.452632 895.7894736842106 23.85
3.452632 947.8947368421053 24.15
3.452632 1000.0 24.15

3.710526 10.0 8.6
3.710526 62.10526315789474 20.7
3.710526 114.21052631578948 22.05
3.710526 166.31578947368422 22.25
3.710526 218.42105263157896 23.05
3.710526 270.5263157894737 22.8
3.710526 322.63157894736844 23.3
3.710526 374.7368421052632 22.9
3.710526 426.8421052631579 22.8
3.710526 478.94736842105266 23.05
3.710526 531.0526315789474 22.8
3.710526 583.1578947368421 23.8
3.710526 635.2631578947369 23.5
3.710526 687.3684210526317 23.75
3.710526 739.4736842105264 23.55
3.710526 791.578947368421 23.75
3.710526 843.6842105263158 23.9
3.710526 895.7894736842106 23.75
3.710526 947.8947368421053 23.6
3.710526 1000.0 23.7

3.968421 10.0 9.0
3.968421 62.10526315789474 22.1
3.968421 114.21052631578948 22.15
3.968421 166.31578947368422 22.35
3.968421 218.42105263157896 23.4
3.968421 270.5263157894737 22.7
3.968421 322.63157894736844 23.1
3.968421 374.7368421052632 22.65
3.968421 426.8421052631579 23.25
3.968421 478.94736842105266 23.9
3.968421 531.0526315789474 22.95
3.968421 583.1578947368421 23.25
3.968421 635.2631578947369 22.85
3.968421 687.3684210526317 23.6
3.968421 739.4736842105264 23.25
3.968421 791.578947368421 23.9
3.968421 843.6842105263158 24.0
3.968421 895.7894736842106 23.35
3.968421 947.8947368421053 24.15
3.968421 1000.0 23.9

4.226316 10.0 9.9
4.226316 62.10526315789474 20.95
4.226316 114.21052631578948 22.6
4.226316 166.31578947368422 22.45
4.226316 218.42105263157896 22.75
4.226316 270.5263157894737 22.95
4.226316 322.63157894736844 23.1
4.226316 374.7368421052632 22.45
4.226316 426.8421052631579 22.8
4.226316 478.94736842105266 23.45
4.226316 531.0526315789474 23.5
4.226316 583.1578947368421 22.45
4.226316 635.2631578947369 23.4
4.226316 687.3684210526317 22.85
4.226316 739.4736842105264 23.95
4.226316 791.578947368421 24.1
4.226316 843.6842105263158 23.2
4.226316 895.7894736842106 23.1
4.226316 947.8947368421053 23.4
4.226316 1000.0 23.35

4.484211 10.0 10.05
4.484211 62.10526315789474 22.0
4.484211 114.21052631578948 22.2
4.484211 166.31578947368422 22.65
4.484211 218.42105263157896 22.7
4.484211 270.5263157894737 22.7
4.484211 322.63157894736844 22.05
4.484211 374.7368421052632 23.1
4.484211 426.8421052631579 22.0
4.484211 478.94736842105266 23.0
4.484211 531.0526315789474 23.15
4.484211 583.1578947368421 24.25
4.484211 635.2631578947369 23.2
4.484211 687.3684210526317 24.0
4.484211 739.4736842105264 23.85
4.484211 791.578947368421 23.15
4.484211 843.6842105263158 24.2
4.484211 895.7894736842106 23.45
4.484211 947.8947368421053 23.75
4.484211 1000.0 23.55

4.742105 10.0 9.55
4.742105 62.10526315789474 20.7
4.742105 114.21052631578948 22.2
4.742105 166.31578947368422 22.4
4.742105 218.42105263157896 22.6
4.742105 270.5263157894737 22.7
4.742105 322.63157894736844 22.3
4.742105 374.7368421052632 22.75
4.742105 426.8421052631579 22.8
4.742105 478.94736842105266 22.85
4.742105 531.0526315789474 23.55
4.742105 583.1578947368421 23.4
4.742105 635.2631578947369 23.35
4.742105 687.3684210526317 23.45
4.742105 739.4736842105264 23.4
4.742105 791.578947368421 24.2
4.742105 843.6842105263158 23.05
4.742105 895.7894736842106 23.4
4.742105 947.8947368421053 24.25
4.742105 1000.0 23.45

5.000000 10.0 8.85
5.000000 62.10526315789474 21.7
5.000000 114.21052631578948 21.75
5.000000 166.31578947368422 21.95
5.000000 218.42105263157896 22.85
5.000000 270.5263157894737 22.8
5.000000 322.63157894736844 22.65
5.000000 374.7368421052632 23.1
5.000000 426.8421052631579 23.55
5.000000 478.94736842105266 22.75
5.000000 531.0526315789474 23.1
5.000000 583.1578947368421 23.4
5.000000 635.2631578947369 24.05
5.000000 687.3684210526317 23.75
5.000000 739.4736842105264 23.2
5.000000 791.578947368421 23.2
5.000000 843.6842105263158 23.15
5.000000 895.7894736842106 23.7
5.000000 947.8947368421053 23.6
5.000000 1000.0 23.4

